0 0.646484 0.274902 0.158203 0.379883
0 0.456055 0.257324 0.179688 0.362305
0 0.293945 0.312500 0.134766 0.259766
0 0.174805 0.420898 0.082031 0.132812
0 0.102539 0.552734 0.113281 0.085938
0 0.178711 0.632324 0.083984 0.245117
0 0.319336 0.677734 0.138672 0.386719
0 0.472656 0.709473 0.177734 0.438477
0 0.622559 0.691406 0.159180 0.363281
0 0.626953 0.883789 0.318359 0.232422
0 0.897949 0.852539 0.204102 0.271484
0 0.945312 0.193359 0.109375 0.384766
0 0.664062 0.093750 0.216797 0.185547
0 0.117676 0.915527 0.233398 0.168945
0 0.285645 0.829102 0.237305 0.328125
