0 0.366587 0.445913 0.223558 0.300481
0 0.489183 0.348558 0.108173 0.211538
0 0.401442 0.689904 0.230769 0.197115
0 0.615385 0.510817 0.211538 0.213942
0 0.709135 0.272837 0.100962 0.213942
0 0.800481 0.313702 0.168269 0.228365
0 0.884615 0.520433 0.225962 0.175481
0 0.757212 0.750000 0.110577 0.264423
0 0.665865 0.709135 0.149038 0.254808
0 0.594952 0.834135 0.185096 0.288462
0 0.409856 0.888221 0.132212 0.218750
0 0.229567 0.230769 0.112981 0.288462
0 0.103365 0.389423 0.197115 0.120192
0 0.110577 0.484375 0.192308 0.132212
0 0.125000 0.888221 0.153846 0.218750
0 0.235577 0.573317 0.100962 0.213942
0 0.387019 0.254808 0.206731 0.125000
0 0.429087 0.286058 0.108173 0.182692
0 0.596154 0.356971 0.110577 0.141827
