0 0.574519 0.566106 0.076923 0.141827
0 0.658654 0.576923 0.038462 0.120192
0 0.854567 0.737981 0.079327 0.149038
0 0.698317 0.731971 0.050481 0.137019
0 0.325721 0.780048 0.151442 0.079327
0 0.532452 0.891827 0.060096 0.144231
0 0.326923 0.621394 0.062500 0.098558
0 0.323317 0.387019 0.045673 0.110577
0 0.269231 0.419471 0.062500 0.127404
0 0.229567 0.622596 0.098558 0.086538
0 0.639423 0.402644 0.033654 0.098558
0 0.725962 0.163462 0.048077 0.100962
0 0.377404 0.246394 0.038462 0.088942
0 0.389423 0.824519 0.062500 0.134615
