0 0.853365 0.492788 0.086538 0.086538
0 0.685096 0.474760 0.081731 0.084135
0 0.620192 0.465144 0.033654 0.088942
0 0.258413 0.498798 0.045673 0.112981
0 0.329327 0.498798 0.057692 0.084135
0 0.419471 0.534856 0.069712 0.069712
0 0.472356 0.411058 0.050481 0.096154
0 0.540865 0.473558 0.062500 0.062500
0 0.122596 0.195913 0.177885 0.262019
0 0.277644 0.310096 0.112981 0.177885
0 0.894231 0.447115 0.125000 0.269231
0 0.907452 0.128606 0.175481 0.252404
0 0.657452 0.106971 0.175481 0.209135
0 0.289663 0.121394 0.262019 0.237981
0 0.320913 0.765625 0.108173 0.161058
0 0.138221 0.682692 0.276442 0.254808
0 0.664663 0.215144 0.314904 0.170673
0 0.706731 0.361779 0.125000 0.185096
0 0.840144 0.735577 0.146635 0.288462
0 0.741587 0.689904 0.108173 0.278846
0 0.485577 0.694712 0.153846 0.187500
0 0.409856 0.769231 0.209135 0.307692
0 0.572115 0.655048 0.173077 0.266827
