0 0.741587 0.657452 0.127404 0.213942
0 0.550481 0.790865 0.110577 0.158654
0 0.591346 0.575721 0.163462 0.146635
0 0.379808 0.752404 0.120192 0.158654
0 0.100962 0.417067 0.120192 0.161058
0 0.719952 0.122596 0.098558 0.125000
0 0.620192 0.075721 0.091346 0.146635
0 0.395433 0.539663 0.117788 0.189904
0 0.195913 0.544471 0.098558 0.209135
0 0.491587 0.840144 0.108173 0.204327
0 0.662260 0.706731 0.084135 0.120192
0 0.643029 0.462740 0.084135 0.064904
0 0.062500 0.295673 0.115385 0.134615
0 0.245192 0.754808 0.115385 0.081731
