0 0.743990 0.645433 0.161058 0.189904
0 0.865385 0.668269 0.158654 0.187500
0 0.711538 0.786058 0.216346 0.163462
0 0.792067 0.152644 0.175481 0.247596
0 0.685096 0.236779 0.197115 0.194712
0 0.872596 0.239183 0.216346 0.185096
0 0.462740 0.570913 0.175481 0.161058
0 0.481971 0.455529 0.122596 0.122596
0 0.564904 0.581731 0.100962 0.144231
0 0.153846 0.722356 0.192308 0.165865
0 0.191106 0.605769 0.194712 0.134615
0 0.295673 0.774038 0.153846 0.182692
0 0.176683 0.340144 0.281250 0.233173
0 0.254808 0.149038 0.216346 0.278846
0 0.421875 0.250000 0.257212 0.259615
