0 0.507212 0.953125 0.115385 0.088942
0 0.444712 0.402644 0.129808 0.127404
0 0.602163 0.372596 0.098558 0.072115
0 0.473558 0.240385 0.076923 0.173077
0 0.325721 0.807692 0.141827 0.245192
0 0.668269 0.941106 0.105769 0.112981
0 0.703125 0.643029 0.069712 0.108173
0 0.216346 0.332933 0.149038 0.064904
0 0.152644 0.389423 0.185096 0.096154
0 0.483173 0.725962 0.100962 0.125000
0 0.537260 0.846154 0.079327 0.072115
0 0.638221 0.846154 0.079327 0.043269
0 0.645433 0.772837 0.084135 0.074519
0 0.545673 0.759615 0.072115 0.062500
0 0.457933 0.509615 0.165865 0.134615
0 0.592548 0.568510 0.045673 0.064904
0 0.707933 0.794471 0.108173 0.137019
0 0.187500 0.604567 0.168269 0.156250
0 0.139423 0.862981 0.158654 0.269231
