0 0.633413 0.241587 0.088942 0.093750
0 0.382212 0.657452 0.081731 0.141827
0 0.706731 0.185096 0.076923 0.120192
0 0.069712 0.510817 0.134615 0.266827
0 0.111779 0.699519 0.117788 0.110577
0 0.127404 0.832933 0.081731 0.141827
0 0.185096 0.853365 0.062500 0.173077
0 0.268029 0.921875 0.103365 0.146635
0 0.370192 0.939904 0.067308 0.110577
0 0.737981 0.802885 0.081731 0.110577
0 0.847356 0.647837 0.060096 0.112981
0 0.656250 0.474760 0.110577 0.151442
0 0.681490 0.621394 0.040865 0.084135
0 0.562500 0.407452 0.067308 0.064904
0 0.798077 0.236779 0.173077 0.122596
0 0.711538 0.391827 0.091346 0.168269
0 0.598558 0.763221 0.057692 0.060096
0 0.447115 0.814904 0.067308 0.067308
0 0.522837 0.645433 0.055288 0.064904
0 0.311298 0.697115 0.064904 0.105769
0 0.221154 0.681490 0.076923 0.127404
