0 0.844727 0.605957 0.173828 0.137695
0 0.853516 0.710449 0.158203 0.155273
0 0.855469 0.830566 0.150391 0.170898
0 0.843262 0.930664 0.122070 0.138672
0 0.711426 0.913086 0.135742 0.125000
0 0.705078 0.819824 0.156250 0.145508
0 0.692871 0.733887 0.153320 0.166992
0 0.682617 0.620117 0.156250 0.158203
0 0.667969 0.518555 0.138672 0.126953
0 0.818848 0.491211 0.155273 0.103516
0 0.656738 0.423340 0.122070 0.098633
0 0.793945 0.407227 0.148438 0.089844
0 0.370605 0.511230 0.147461 0.092773
0 0.332031 0.590820 0.152344 0.082031
0 0.292969 0.663574 0.146484 0.084961
0 0.271484 0.738281 0.130859 0.082031
0 0.368652 0.778320 0.086914 0.123047
0 0.402832 0.715820 0.090820 0.136719
0 0.439941 0.643066 0.092773 0.133789
0 0.477539 0.573242 0.093750 0.126953
0 0.256348 0.295410 0.088867 0.104492
0 0.341309 0.245117 0.118164 0.089844
0 0.215820 0.236816 0.136719 0.086914
0 0.069824 0.213379 0.137695 0.116211
0 0.035645 0.594238 0.063477 0.133789
0 0.061035 0.496582 0.047852 0.125977
0 0.064941 0.871582 0.055664 0.125977
0 0.100098 0.808105 0.079102 0.094727
0 0.124023 0.682617 0.095703 0.085938
0 0.139160 0.627930 0.092773 0.080078
0 0.147949 0.562500 0.090820 0.072266
0 0.168457 0.513184 0.083008 0.065430
0 0.498535 0.878906 0.116211 0.072266
0 0.397949 0.941895 0.102539 0.112305
