0 0.538086 0.573242 0.257812 0.261719
0 0.150391 0.397461 0.191406 0.273438
0 0.288574 0.285156 0.209961 0.166016
0 0.447754 0.290039 0.166992 0.279297
0 0.336914 0.103027 0.117188 0.204102
0 0.427734 0.728516 0.169922 0.335938
0 0.544922 0.867188 0.078125 0.128906
0 0.659668 0.875977 0.129883 0.130859
0 0.781738 0.900391 0.086914 0.136719
0 0.906250 0.941895 0.171875 0.116211
0 0.874512 0.286621 0.127930 0.104492
0 0.789551 0.202637 0.049805 0.147461
0 0.734863 0.330078 0.092773 0.115234
0 0.665527 0.385254 0.106445 0.120117
0 0.053711 0.895508 0.105469 0.128906
0 0.322754 0.904785 0.084961 0.165039
0 0.232422 0.969727 0.158203 0.060547
0 0.539062 0.973633 0.087891 0.052734
0 0.901855 0.399902 0.118164 0.090820
0 0.976562 0.313477 0.046875 0.134766
0 0.144531 0.133789 0.101562 0.263672
0 0.618652 0.051758 0.137695 0.101562
0 0.884277 0.090332 0.079102 0.090820
0 0.753906 0.794434 0.076172 0.088867
0 0.971191 0.859863 0.057617 0.067383
0 0.222168 0.697754 0.143555 0.258789
