0 0.211538 0.778846 0.038462 0.033654
0 0.061298 0.927885 0.026442 0.057692
0 0.064904 0.882212 0.028846 0.043269
0 0.125000 0.864183 0.028846 0.069712
0 0.236779 0.917067 0.045673 0.040865
0 0.277644 0.703125 0.026442 0.069712
0 0.314904 0.683894 0.038462 0.060096
0 0.355769 0.703125 0.057692 0.040865
0 0.302885 0.948317 0.052885 0.050481
0 0.156250 0.757212 0.028846 0.024038
0 0.069712 0.657452 0.057692 0.060096
0 0.213942 0.688702 0.024038 0.031250
0 0.091346 0.920673 0.033654 0.062500
0 0.388221 0.817308 0.060096 0.081731
0 0.365385 0.745192 0.062500 0.076923
0 0.311298 0.777644 0.064904 0.045673
0 0.289663 0.860577 0.060096 0.052885
0 0.164663 0.807692 0.026442 0.062500
0 0.780048 0.885817 0.228365 0.156250
0 0.736779 0.729567 0.233173 0.156250
0 0.052885 0.230769 0.048077 0.048077
0 0.195913 0.418269 0.064904 0.086538
0 0.199519 0.218750 0.033654 0.033654
0 0.271635 0.263221 0.038462 0.040865
0 0.354567 0.155048 0.064904 0.074519
0 0.042067 0.343750 0.036058 0.100962
0 0.299279 0.224760 0.045673 0.040865
0 0.342548 0.302885 0.064904 0.057692
0 0.280048 0.384615 0.040865 0.076923
0 0.264423 0.306490 0.038462 0.040865
0 0.237981 0.223558 0.038462 0.028846
0 0.129808 0.326923 0.057692 0.076923
0 0.074519 0.181490 0.067308 0.098558
0 0.149038 0.182692 0.052885 0.081731
0 0.372596 0.401442 0.067308 0.072115
