0 0.385817 0.680288 0.146635 0.389423
0 0.155048 0.587740 0.108173 0.228365
0 0.530048 0.311298 0.165865 0.281250
0 0.848558 0.560096 0.269231 0.264423
0 0.753606 0.269231 0.098558 0.153846
0 0.627404 0.085337 0.110577 0.112981
0 0.448317 0.342548 0.165865 0.290865
0 0.187500 0.430288 0.081731 0.139423
0 0.028846 0.436298 0.057692 0.194712
0 0.198317 0.204327 0.108173 0.168269
0 0.348558 0.413462 0.100962 0.110577
0 0.270433 0.885817 0.079327 0.223558
0 0.907452 0.293269 0.069712 0.317308
0 0.439904 0.485577 0.100962 0.259615
0 0.606971 0.155048 0.122596 0.079327
