0 0.572266 0.466797 0.103516 0.058594
0 0.461914 0.477051 0.042969 0.059570
0 0.677246 0.696289 0.086914 0.033203
0 0.640137 0.654297 0.057617 0.035156
0 0.567383 0.637207 0.072266 0.041992
0 0.078613 0.088379 0.034180 0.032227
0 0.113281 0.115723 0.048828 0.024414
0 0.143066 0.162109 0.041992 0.027344
0 0.147949 0.190918 0.057617 0.026367
0 0.137207 0.329590 0.055664 0.022461
0 0.019531 0.331055 0.037109 0.033203
0 0.063965 0.382812 0.069336 0.031250
0 0.203125 0.393555 0.048828 0.025391
0 0.229004 0.371582 0.063477 0.028320
0 0.207031 0.309082 0.029297 0.028320
0 0.126465 0.540527 0.034180 0.024414
0 0.131348 0.595215 0.043945 0.026367
0 0.036133 0.602539 0.070312 0.029297
0 0.028320 0.653809 0.054688 0.038086
0 0.093262 0.673340 0.034180 0.020508
0 0.046875 0.769531 0.042969 0.031250
0 0.216797 0.785645 0.041016 0.034180
0 0.222168 0.673828 0.028320 0.033203
0 0.274414 0.598633 0.066406 0.042969
0 0.370605 0.592285 0.059570 0.041992
0 0.272461 0.511230 0.037109 0.028320
0 0.233887 0.548340 0.030273 0.024414
0 0.190430 0.542969 0.046875 0.017578
0 0.204102 0.562012 0.041016 0.014648
0 0.192871 0.606934 0.057617 0.026367
0 0.130859 0.269531 0.082031 0.019531
0 0.195801 0.205566 0.024414 0.020508
0 0.214844 0.189453 0.027344 0.023438
0 0.212402 0.128418 0.022461 0.026367
0 0.310547 0.127930 0.033203 0.011719
0 0.290039 0.118164 0.015625 0.025391
0 0.328613 0.164551 0.043945 0.030273
0 0.352051 0.302246 0.069336 0.032227
0 0.284668 0.353027 0.047852 0.032227
0 0.403809 0.381836 0.045898 0.037109
0 0.398438 0.272461 0.060547 0.029297
0 0.417969 0.481445 0.054688 0.048828
0 0.331055 0.460938 0.029297 0.025391
0 0.304199 0.761230 0.047852 0.030273
0 0.444336 0.200195 0.046875 0.021484
0 0.436035 0.168457 0.030273 0.032227
0 0.462891 0.272949 0.041016 0.036133
0 0.540527 0.245605 0.034180 0.038086
0 0.571289 0.312500 0.089844 0.029297
0 0.520020 0.323242 0.038086 0.029297
0 0.584961 0.526367 0.097656 0.050781
0 0.499512 0.817383 0.026367 0.031250
0 0.686035 0.305664 0.024414 0.023438
0 0.671387 0.382812 0.047852 0.019531
0 0.733887 0.612305 0.065430 0.017578
0 0.738281 0.636719 0.052734 0.029297
0 0.693359 0.633789 0.035156 0.031250
0 0.776367 0.735840 0.035156 0.022461
0 0.917969 0.035156 0.029297 0.033203
0 0.953613 0.019043 0.041992 0.020508
0 0.952637 0.049805 0.026367 0.025391
0 0.773438 0.077637 0.023438 0.026367
0 0.823242 0.132324 0.056641 0.022461
0 0.781250 0.374512 0.041016 0.020508
0 0.790039 0.394531 0.037109 0.019531
0 0.840332 0.426270 0.024414 0.022461
0 0.878906 0.420410 0.029297 0.024414
0 0.751953 0.538574 0.033203 0.018555
0 0.726074 0.544922 0.032227 0.013672
0 0.970215 0.550781 0.053711 0.031250
0 0.957520 0.676270 0.047852 0.022461
0 0.904785 0.725586 0.032227 0.041016
