0 0.415527 0.184570 0.108398 0.099609
0 0.624023 0.212891 0.091797 0.050781
0 0.246094 0.438477 0.113281 0.062500
0 0.233887 0.620117 0.057617 0.138672
0 0.088867 0.718262 0.101562 0.092773
0 0.166992 0.763672 0.089844 0.117188
0 0.510742 0.535156 0.113281 0.111328
0 0.407715 0.509277 0.059570 0.088867
0 0.649414 0.827637 0.091797 0.151367
0 0.559570 0.892090 0.048828 0.139648
0 0.674316 0.933594 0.100586 0.062500
0 0.691895 0.639648 0.088867 0.064453
0 0.645508 0.586426 0.064453 0.059570
0 0.659668 0.399414 0.038086 0.109375
0 0.355469 0.948242 0.062500 0.074219
0 0.751465 0.618652 0.077148 0.040039
0 0.764160 0.548828 0.086914 0.037109
0 0.770508 0.382812 0.070312 0.048828
0 0.520020 0.152832 0.045898 0.084961
0 0.500000 0.230957 0.062500 0.079102
0 0.404785 0.290039 0.088867 0.062500
0 0.589844 0.288574 0.121094 0.061523
0 0.432617 0.367188 0.082031 0.089844
0 0.467285 0.949219 0.067383 0.101562
0 0.477539 0.753418 0.115234 0.090820
0 0.583984 0.439941 0.056641 0.098633
0 0.568848 0.110352 0.041992 0.089844
0 0.237793 0.367188 0.030273 0.048828
0 0.055176 0.528320 0.063477 0.031250
0 0.341797 0.458008 0.050781 0.070312
0 0.294922 0.631348 0.035156 0.049805
0 0.398926 0.618652 0.065430 0.090820
