0 0.596154 0.286058 0.125000 0.235577
0 0.699519 0.425481 0.144231 0.134615
0 0.722356 0.133413 0.103365 0.262019
0 0.823317 0.268029 0.223558 0.209135
0 0.850962 0.085337 0.187500 0.161058
0 0.628606 0.698317 0.093750 0.209135
0 0.764423 0.799279 0.197115 0.310096
0 0.849760 0.689904 0.204327 0.129808
0 0.734375 0.584135 0.161058 0.173077
0 0.626202 0.843750 0.117788 0.254808
0 0.520433 0.692308 0.151442 0.274038
0 0.448317 0.497596 0.084135 0.177885
0 0.534856 0.415865 0.132212 0.245192
0 0.344952 0.217548 0.194712 0.132212
0 0.222356 0.402644 0.088942 0.103365
0 0.329327 0.438702 0.120192 0.122596
0 0.282452 0.683894 0.199519 0.204327
