0 0.163462 0.157452 0.091346 0.103365
0 0.170673 0.281250 0.105769 0.081731
0 0.052885 0.341346 0.096154 0.096154
0 0.146635 0.412260 0.086538 0.093750
0 0.325721 0.213942 0.088942 0.139423
0 0.465144 0.282452 0.146635 0.088942
0 0.492788 0.171875 0.125000 0.122596
0 0.556490 0.217548 0.141827 0.074519
0 0.325721 0.324519 0.108173 0.076923
0 0.149038 0.504808 0.081731 0.105769
0 0.246394 0.522837 0.117788 0.079327
0 0.408654 0.413462 0.110577 0.096154
0 0.375000 0.480769 0.115385 0.086538
0 0.082933 0.110577 0.088942 0.105769
0 0.638221 0.426683 0.074519 0.122596
0 0.715144 0.484375 0.132212 0.108173
0 0.611779 0.524038 0.074519 0.125000
0 0.657452 0.615385 0.098558 0.081731
0 0.733173 0.638221 0.105769 0.103365
0 0.835337 0.640625 0.098558 0.079327
0 0.804087 0.742788 0.117788 0.105769
0 0.671875 0.763221 0.088942 0.103365
0 0.700721 0.945913 0.103365 0.103365
0 0.609375 0.938702 0.074519 0.117788
0 0.527644 0.900240 0.079327 0.117788
0 0.652644 0.850962 0.175481 0.072115
0 0.281250 0.860577 0.086538 0.062500
0 0.243990 0.933894 0.074519 0.103365
0 0.215144 0.842548 0.088942 0.088942
0 0.259615 0.783654 0.110577 0.067308
0 0.275240 0.655048 0.093750 0.151442
0 0.199519 0.628606 0.081731 0.137019
0 0.391827 0.695913 0.100962 0.088942
0 0.475962 0.575721 0.076923 0.122596
0 0.508413 0.653846 0.098558 0.086538
0 0.600962 0.686298 0.096154 0.093750
