0 0.660645 0.472168 0.081055 0.131836
0 0.680176 0.564941 0.083008 0.137695
0 0.732422 0.745117 0.066406 0.154297
0 0.367188 0.815918 0.080078 0.055664
0 0.330566 0.714844 0.047852 0.080078
0 0.500977 0.485352 0.070312 0.111328
0 0.136230 0.165527 0.108398 0.104492
0 0.061523 0.062988 0.121094 0.065430
0 0.791016 0.243652 0.068359 0.127930
0 0.861328 0.281250 0.070312 0.138672
0 0.858887 0.424316 0.094727 0.084961
0 0.747559 0.380371 0.133789 0.075195
0 0.816895 0.568359 0.168945 0.087891
0 0.837402 0.654297 0.165039 0.087891
0 0.633301 0.875000 0.083008 0.078125
0 0.463379 0.826660 0.055664 0.083008
0 0.421875 0.877930 0.052734 0.074219
0 0.380859 0.931641 0.046875 0.080078
0 0.288086 0.940430 0.089844 0.068359
0 0.104004 0.453125 0.055664 0.062500
0 0.041504 0.582520 0.081055 0.110352
0 0.959961 0.576660 0.080078 0.069336
0 0.958496 0.502930 0.083008 0.064453
0 0.691895 0.113770 0.106445 0.069336
0 0.629395 0.277832 0.075195 0.094727
0 0.644043 0.374023 0.071289 0.101562
0 0.855469 0.102539 0.101562 0.087891
0 0.565918 0.371094 0.090820 0.062500
0 0.599609 0.680664 0.083984 0.109375
0 0.548340 0.785645 0.069336 0.090820
