0 0.471154 0.313702 0.072115 0.151442
0 0.512019 0.527644 0.096154 0.137019
0 0.465144 0.606971 0.180288 0.069712
0 0.634615 0.408654 0.120192 0.149038
0 0.572115 0.171875 0.158654 0.098558
0 0.578125 0.256010 0.079327 0.127404
0 0.740385 0.362981 0.182692 0.091346
0 0.882212 0.301683 0.149038 0.137019
0 0.927885 0.551683 0.091346 0.218750
0 0.718750 0.814904 0.115385 0.192308
0 0.457933 0.789663 0.146635 0.103365
0 0.618990 0.899038 0.108173 0.197115
0 0.066106 0.460337 0.132212 0.156250
0 0.092548 0.637019 0.103365 0.067308
0 0.164663 0.776442 0.146635 0.168269
0 0.270433 0.527644 0.108173 0.117788
0 0.268029 0.326923 0.127404 0.091346
0 0.186298 0.245192 0.088942 0.139423
0 0.084135 0.299279 0.153846 0.088942
0 0.694712 0.152644 0.081731 0.098558
0 0.686298 0.070913 0.084135 0.112981
0 0.795673 0.603365 0.105769 0.182692
0 0.663462 0.657452 0.163462 0.108173
