0 0.513221 0.495192 0.237981 0.086538
0 0.406250 0.641827 0.192308 0.211538
0 0.365385 0.371394 0.139423 0.127404
0 0.575721 0.750000 0.218750 0.134615
0 0.253606 0.734375 0.228365 0.127404
0 0.259615 0.621394 0.211538 0.209135
0 0.794471 0.239183 0.305288 0.122596
0 0.834135 0.423077 0.259615 0.173077
0 0.462740 0.126202 0.156250 0.141827
0 0.158654 0.371394 0.192308 0.127404
0 0.591346 0.893029 0.293269 0.117788
0 0.712740 0.575721 0.170673 0.098558
0 0.182692 0.162260 0.096154 0.127404
0 0.097356 0.240385 0.117788 0.105769
