0 0.611816 0.420898 0.190430 0.199219
0 0.451660 0.230957 0.188477 0.411133
0 0.320312 0.107422 0.265625 0.212891
0 0.648438 0.115723 0.265625 0.229492
0 0.827148 0.434570 0.121094 0.216797
0 0.723145 0.343262 0.108398 0.125977
0 0.896484 0.367676 0.205078 0.143555
0 0.861328 0.665527 0.183594 0.157227
0 0.620605 0.646484 0.184570 0.197266
0 0.443359 0.697266 0.142578 0.253906
0 0.411133 0.567383 0.162109 0.113281
0 0.416504 0.894531 0.147461 0.191406
0 0.549805 0.847168 0.136719 0.147461
0 0.721680 0.879883 0.105469 0.177734
0 0.874512 0.804688 0.157227 0.140625
