0 0.061523 0.074219 0.058594 0.048828
0 0.121582 0.070801 0.041992 0.083008
0 0.153809 0.111816 0.026367 0.036133
0 0.197754 0.138672 0.032227 0.031250
0 0.246094 0.143066 0.054688 0.032227
0 0.258789 0.106934 0.033203 0.040039
0 0.260254 0.080566 0.043945 0.071289
0 0.223145 0.027832 0.043945 0.038086
0 0.187012 0.107422 0.016602 0.031250
0 0.200684 0.087402 0.020508 0.030273
0 0.098145 0.142090 0.045898 0.034180
0 0.054688 0.120117 0.033203 0.042969
0 0.058105 0.270996 0.079102 0.069336
0 0.061523 0.324219 0.058594 0.041016
0 0.103516 0.370117 0.046875 0.060547
0 0.016602 0.355469 0.031250 0.101562
0 0.031250 0.183105 0.039062 0.041992
0 0.095215 0.210449 0.032227 0.055664
0 0.164551 0.153809 0.043945 0.038086
0 0.086426 0.023438 0.020508 0.044922
0 0.063477 0.024414 0.021484 0.044922
0 0.312988 0.029785 0.032227 0.036133
0 0.228027 0.243164 0.034180 0.044922
0 0.189453 0.228027 0.023438 0.038086
0 0.146484 0.253418 0.035156 0.061523
0 0.162109 0.309082 0.039062 0.057617
0 0.060547 0.428711 0.076172 0.052734
0 0.049316 0.381836 0.057617 0.048828
0 0.046875 0.490723 0.044922 0.061523
0 0.088867 0.505371 0.031250 0.034180
0 0.159180 0.496094 0.046875 0.044922
0 0.149414 0.539062 0.029297 0.050781
0 0.211914 0.513672 0.042969 0.048828
0 0.184082 0.479492 0.043945 0.064453
0 0.164062 0.428223 0.033203 0.040039
0 0.012207 0.211914 0.022461 0.046875
0 0.218750 0.190430 0.017578 0.033203
0 0.139160 0.602051 0.053711 0.077148
0 0.190430 0.554688 0.046875 0.082031
0 0.059570 0.617188 0.087891 0.050781
0 0.168945 0.683105 0.082031 0.090820
0 0.133301 0.749512 0.057617 0.147461
0 0.125000 0.899414 0.105469 0.082031
0 0.244141 0.670898 0.070312 0.076172
0 0.203613 0.792969 0.075195 0.083984
0 0.245605 0.776367 0.034180 0.078125
0 0.245117 0.854492 0.054688 0.048828
0 0.136230 0.958496 0.090820 0.083008
0 0.027344 0.939941 0.052734 0.065430
0 0.249512 0.957031 0.049805 0.085938
0 0.192871 0.935059 0.063477 0.069336
0 0.303711 0.129883 0.015625 0.027344
0 0.310547 0.332031 0.044922 0.064453
0 0.279785 0.289551 0.024414 0.030273
0 0.266602 0.330078 0.025391 0.056641
0 0.302734 0.373535 0.027344 0.022461
0 0.304688 0.408691 0.019531 0.049805
0 0.328613 0.400391 0.032227 0.039062
0 0.282715 0.402832 0.018555 0.036133
0 0.262207 0.435547 0.020508 0.078125
0 0.288086 0.459473 0.013672 0.036133
0 0.269043 0.534668 0.057617 0.038086
0 0.319824 0.500977 0.057617 0.078125
0 0.281738 0.570312 0.032227 0.039062
0 0.372559 0.563477 0.077148 0.054688
0 0.363770 0.439941 0.020508 0.057617
0 0.367676 0.399902 0.028320 0.028320
0 0.358398 0.220703 0.021484 0.029297
0 0.348145 0.627441 0.065430 0.086914
0 0.321289 0.833496 0.029297 0.073242
0 0.356934 0.829590 0.034180 0.075195
0 0.442871 0.398926 0.024414 0.028320
0 0.418457 0.480957 0.034180 0.049805
0 0.448242 0.535645 0.064453 0.045898
0 0.453125 0.603027 0.041016 0.057617
0 0.386719 0.656250 0.015625 0.035156
0 0.458984 0.712402 0.035156 0.102539
0 0.390137 0.930664 0.028320 0.054688
0 0.479004 0.812500 0.032227 0.041016
0 0.523438 0.942383 0.068359 0.068359
0 0.402344 0.967285 0.041016 0.038086
0 0.488281 0.733887 0.033203 0.071289
0 0.506836 0.769531 0.027344 0.089844
0 0.511230 0.514160 0.026367 0.088867
0 0.454590 0.487305 0.032227 0.025391
0 0.477539 0.401855 0.031250 0.022461
0 0.514648 0.297852 0.021484 0.044922
0 0.520996 0.395508 0.012695 0.029297
0 0.521484 0.681152 0.027344 0.061523
0 0.495605 0.680176 0.018555 0.047852
0 0.486816 0.668457 0.022461 0.038086
0 0.565918 0.835449 0.086914 0.057617
0 0.513184 0.889160 0.045898 0.038086
0 0.566406 0.909180 0.066406 0.052734
0 0.428223 0.111328 0.028320 0.066406
0 0.390625 0.070312 0.023438 0.082031
0 0.453125 0.080078 0.041016 0.046875
0 0.490723 0.081055 0.034180 0.042969
0 0.543457 0.023926 0.049805 0.045898
0 0.542480 0.092773 0.038086 0.060547
0 0.537109 0.144531 0.039062 0.042969
0 0.602051 0.030273 0.032227 0.058594
0 0.585449 0.147949 0.026367 0.043945
0 0.566895 0.152832 0.020508 0.053711
0 0.542969 0.375977 0.023438 0.017578
0 0.598633 0.428711 0.054688 0.037109
0 0.549805 0.666992 0.023438 0.080078
0 0.571777 0.690918 0.022461 0.040039
0 0.505859 0.984863 0.029297 0.026367
0 0.601074 0.353516 0.036133 0.060547
0 0.633301 0.316895 0.036133 0.065430
0 0.585449 0.082520 0.028320 0.034180
0 0.585449 0.470703 0.018555 0.029297
0 0.593750 0.486328 0.027344 0.015625
0 0.590332 0.690430 0.016602 0.037109
0 0.630371 0.723145 0.065430 0.036133
0 0.609375 0.662598 0.017578 0.069336
0 0.597168 0.763184 0.040039 0.026367
0 0.638672 0.814453 0.044922 0.037109
0 0.681641 0.785645 0.029297 0.063477
0 0.700684 0.169922 0.022461 0.035156
0 0.695312 0.291504 0.025391 0.055664
0 0.673340 0.343262 0.047852 0.051758
0 0.669922 0.307617 0.023438 0.021484
0 0.628906 0.380859 0.037109 0.037109
0 0.646973 0.395996 0.016602 0.030273
0 0.686035 0.572266 0.041992 0.070312
0 0.645996 0.583496 0.026367 0.077148
0 0.666016 0.612793 0.027344 0.065430
0 0.654785 0.663086 0.024414 0.050781
0 0.695801 0.686035 0.030273 0.071289
0 0.679199 0.893555 0.030273 0.031250
0 0.718262 0.505371 0.036133 0.049805
0 0.661621 0.458984 0.024414 0.066406
0 0.627441 0.506836 0.032227 0.048828
0 0.717773 0.390625 0.035156 0.095703
0 0.750488 0.346680 0.034180 0.072266
0 0.782227 0.366699 0.031250 0.043945
0 0.750488 0.419434 0.022461 0.061523
0 0.783691 0.796387 0.038086 0.034180
0 0.756836 0.903320 0.017578 0.041016
0 0.784180 0.887207 0.031250 0.034180
0 0.866211 0.599609 0.058594 0.042969
0 0.863281 0.562012 0.042969 0.022461
0 0.849609 0.487793 0.070312 0.036133
0 0.837402 0.445801 0.053711 0.049805
0 0.849609 0.395508 0.072266 0.033203
0 0.856934 0.339355 0.024414 0.065430
0 0.828125 0.343262 0.029297 0.081055
0 0.790527 0.925293 0.049805 0.053711
0 0.961914 0.827637 0.029297 0.045898
0 0.940918 0.104980 0.041992 0.086914
0 0.985352 0.136230 0.029297 0.088867
