0 0.438965 0.291992 0.112305 0.101562
0 0.514648 0.245117 0.126953 0.093750
0 0.411133 0.159180 0.082031 0.156250
0 0.492188 0.092773 0.089844 0.177734
0 0.586914 0.207520 0.117188 0.112305
0 0.684570 0.173828 0.117188 0.130859
0 0.587891 0.065918 0.087891 0.127930
0 0.682617 0.049316 0.082031 0.096680
0 0.754883 0.127930 0.109375 0.121094
0 0.828613 0.084473 0.114258 0.086914
0 0.879883 0.216309 0.140625 0.059570
0 0.907227 0.324707 0.128906 0.075195
0 0.687500 0.340820 0.085938 0.144531
0 0.600098 0.371582 0.075195 0.127930
0 0.514160 0.404785 0.073242 0.125977
0 0.432129 0.429688 0.086914 0.142578
0 0.433105 0.557129 0.100586 0.096680
0 0.514648 0.523926 0.083984 0.106445
0 0.604004 0.499023 0.108398 0.119141
0 0.687500 0.476562 0.121094 0.119141
0 0.767090 0.455566 0.102539 0.118164
0 0.925781 0.409180 0.142578 0.085938
0 0.930176 0.499512 0.139648 0.077148
0 0.301270 0.153809 0.071289 0.088867
0 0.285645 0.313965 0.069336 0.114258
0 0.207031 0.297852 0.082031 0.138672
0 0.122070 0.293945 0.091797 0.156250
0 0.293457 0.428711 0.075195 0.132812
0 0.116699 0.644531 0.079102 0.117188
0 0.044434 0.649902 0.063477 0.112305
0 0.034668 0.365723 0.067383 0.106445
0 0.091797 0.120117 0.085938 0.171875
0 0.276855 0.567871 0.075195 0.118164
0 0.204102 0.535645 0.078125 0.125977
0 0.198242 0.639160 0.058594 0.129883
0 0.291504 0.659180 0.067383 0.105469
0 0.203125 0.768066 0.078125 0.124023
0 0.131836 0.758789 0.074219 0.113281
0 0.420410 0.672363 0.083008 0.118164
0 0.497559 0.652344 0.071289 0.126953
0 0.582520 0.634277 0.088867 0.125977
0 0.652832 0.640137 0.096680 0.086914
0 0.724609 0.725586 0.087891 0.140625
0 0.882324 0.588379 0.122070 0.077148
0 0.929688 0.820312 0.083984 0.181641
0 0.281738 0.854004 0.067383 0.100586
0 0.200684 0.867676 0.067383 0.090820
0 0.117188 0.888184 0.087891 0.077148
0 0.427734 0.779297 0.083984 0.105469
0 0.515137 0.771973 0.083008 0.110352
