0 0.194712 0.200721 0.052885 0.098558
0 0.141827 0.280048 0.052885 0.064904
0 0.334135 0.719952 0.129808 0.117788
0 0.146635 0.770433 0.182692 0.137019
0 0.099760 0.598558 0.074519 0.067308
0 0.111779 0.489183 0.055288 0.064904
0 0.087740 0.549279 0.040865 0.050481
0 0.358173 0.501202 0.086538 0.141827
0 0.560096 0.066106 0.062500 0.132212
0 0.485577 0.508413 0.072115 0.064904
0 0.082933 0.390625 0.064904 0.098558
0 0.250000 0.556490 0.048077 0.079327
0 0.461538 0.681490 0.072115 0.108173
0 0.563702 0.360577 0.108173 0.081731
0 0.557692 0.295673 0.062500 0.048077
0 0.597356 0.189904 0.127404 0.091346
0 0.405048 0.272837 0.064904 0.064904
0 0.361779 0.320913 0.060096 0.074519
0 0.432692 0.344952 0.096154 0.088942
