0 0.294471 0.366587 0.112981 0.228365
0 0.489183 0.528846 0.132212 0.182692
0 0.640625 0.578125 0.137019 0.242788
0 0.875000 0.543269 0.149038 0.245192
0 0.788462 0.276442 0.206731 0.240385
0 0.594952 0.389423 0.213942 0.153846
0 0.592548 0.298077 0.146635 0.182692
0 0.753606 0.572115 0.175481 0.163462
0 0.746394 0.743990 0.132212 0.127404
0 0.628606 0.837740 0.146635 0.146635
0 0.387019 0.786058 0.134615 0.177885
0 0.248798 0.612981 0.117788 0.206731
0 0.141827 0.622596 0.115385 0.250000
0 0.087740 0.480769 0.127404 0.158654
0 0.188702 0.441106 0.108173 0.161058
0 0.106971 0.304087 0.194712 0.252404
0 0.201923 0.123798 0.139423 0.213942
0 0.804087 0.902644 0.156250 0.185096
0 0.935096 0.710337 0.129808 0.194712
