0 0.687500 0.250488 0.208984 0.395508
0 0.474121 0.287109 0.249023 0.349609
0 0.247070 0.285645 0.226562 0.293945
0 0.152832 0.474609 0.227539 0.210938
0 0.290039 0.584473 0.242188 0.293945
0 0.445312 0.652832 0.242188 0.389648
0 0.718750 0.699219 0.234375 0.441406
0 0.919434 0.675781 0.161133 0.216797
0 0.871094 0.549805 0.080078 0.162109
0 0.900391 0.349121 0.185547 0.284180
0 0.906738 0.152832 0.186523 0.168945
0 0.877441 0.890137 0.227539 0.190430
0 0.253906 0.930664 0.296875 0.138672
0 0.161621 0.812012 0.252930 0.153320
