0 0.570312 0.690430 0.054688 0.070312
0 0.142090 0.829590 0.055664 0.063477
0 0.104980 0.532715 0.049805 0.081055
0 0.028320 0.587402 0.044922 0.059570
0 0.091309 0.647949 0.034180 0.053711
0 0.064453 0.766113 0.023438 0.049805
0 0.246582 0.883301 0.047852 0.077148
0 0.735840 0.328125 0.030273 0.044922
0 0.622559 0.317383 0.032227 0.041016
0 0.610352 0.250977 0.025391 0.044922
0 0.365723 0.194824 0.022461 0.041992
0 0.348145 0.221680 0.018555 0.033203
0 0.345215 0.287109 0.024414 0.035156
0 0.395996 0.365723 0.028320 0.040039
0 0.432129 0.377441 0.030273 0.045898
0 0.413086 0.389160 0.019531 0.024414
0 0.398926 0.399902 0.020508 0.028320
0 0.333496 0.455566 0.024414 0.028320
0 0.177734 0.566895 0.027344 0.026367
0 0.145508 0.612793 0.025391 0.026367
0 0.271973 0.587402 0.018555 0.028320
0 0.829590 0.221680 0.028320 0.037109
0 0.801270 0.210938 0.028320 0.046875
0 0.792480 0.144531 0.028320 0.039062
0 0.819824 0.161133 0.028320 0.031250
0 0.872559 0.227051 0.034180 0.055664
0 0.855957 0.362793 0.040039 0.053711
0 0.600586 0.141113 0.031250 0.041992
