0 0.407452 0.283654 0.122596 0.211538
0 0.500000 0.448317 0.086538 0.141827
0 0.123798 0.409856 0.079327 0.151442
0 0.046875 0.477163 0.088942 0.117788
0 0.316106 0.068510 0.218750 0.132212
0 0.760817 0.323317 0.108173 0.180288
0 0.894231 0.475962 0.149038 0.115385
0 0.959135 0.284856 0.076923 0.204327
0 0.342548 0.783654 0.165865 0.125000
0 0.417067 0.914663 0.084135 0.161058
0 0.401442 0.605769 0.086538 0.168269
0 0.599760 0.915865 0.098558 0.067308
0 0.631010 0.685096 0.084135 0.139423
0 0.513221 0.325721 0.060096 0.141827
0 0.389423 0.450721 0.153846 0.141827
