0 0.230957 0.796875 0.196289 0.250000
0 0.340820 0.822266 0.152344 0.291016
0 0.258789 0.651855 0.212891 0.100586
0 0.292969 0.572266 0.203125 0.070312
0 0.326172 0.505859 0.171875 0.058594
0 0.364258 0.450195 0.142578 0.048828
0 0.398438 0.390137 0.111328 0.063477
0 0.420898 0.346191 0.080078 0.045898
0 0.515625 0.804688 0.187500 0.287109
0 0.496094 0.645020 0.169922 0.122070
0 0.495117 0.553223 0.144531 0.073242
0 0.686523 0.789062 0.181641 0.267578
0 0.691895 0.610352 0.219727 0.101562
0 0.666016 0.535156 0.199219 0.085938
0 0.638672 0.474609 0.177734 0.091797
0 0.851074 0.630859 0.217773 0.207031
0 0.735840 0.425293 0.202148 0.083008
0 0.603516 0.412598 0.136719 0.084961
0 0.488281 0.491211 0.117188 0.064453
0 0.491699 0.426270 0.092773 0.077148
0 0.851074 0.852051 0.092773 0.182617
0 0.136719 0.653809 0.144531 0.245117
0 0.165527 0.495605 0.163086 0.077148
0 0.231445 0.254395 0.156250 0.157227
0 0.606445 0.141602 0.130859 0.093750
0 0.797852 0.251953 0.167969 0.103516
0 0.894043 0.367188 0.211914 0.125000
