0 0.415865 0.849760 0.096154 0.117788
0 0.324519 0.872596 0.105769 0.115385
0 0.762019 0.572115 0.091346 0.115385
0 0.405048 0.430288 0.084135 0.187500
0 0.375000 0.556490 0.100962 0.132212
0 0.203125 0.436298 0.088942 0.189904
0 0.264423 0.560096 0.105769 0.115385
0 0.835337 0.125000 0.093750 0.197115
0 0.603365 0.129808 0.091346 0.201923
0 0.430288 0.233173 0.115385 0.129808
0 0.362981 0.123798 0.096154 0.199519
0 0.305288 0.237981 0.115385 0.129808
0 0.200721 0.230769 0.103365 0.120192
0 0.146635 0.121394 0.096154 0.180288
0 0.088942 0.240385 0.120192 0.134615
