0 0.418457 0.410645 0.247070 0.213867
0 0.921875 0.219727 0.156250 0.246094
0 0.956543 0.694336 0.086914 0.208984
0 0.683105 0.614258 0.217773 0.236328
0 0.225586 0.569336 0.189453 0.234375
0 0.154785 0.885742 0.213867 0.160156
0 0.126465 0.096191 0.122070 0.190430
0 0.349121 0.104492 0.104492 0.207031
0 0.723633 0.064453 0.296875 0.126953
0 0.711426 0.359863 0.284180 0.245117
0 0.777344 0.283203 0.171875 0.085938
0 0.780273 0.192871 0.228516 0.116211
0 0.831543 0.713867 0.090820 0.189453
0 0.818359 0.647949 0.117188 0.063477
0 0.424805 0.869629 0.150391 0.124023
0 0.358887 0.892578 0.176758 0.187500
