0 0.458984 0.664551 0.212891 0.393555
0 0.666016 0.626465 0.212891 0.364258
0 0.886230 0.601562 0.227539 0.355469
0 0.470703 0.232422 0.242188 0.343750
0 0.708008 0.193848 0.224609 0.360352
0 0.845703 0.108398 0.205078 0.195312
0 0.963867 0.356934 0.072266 0.178711
0 0.084473 0.440918 0.166992 0.282227
0 0.060547 0.806641 0.119141 0.386719
0 0.265137 0.717773 0.190430 0.359375
0 0.410645 0.894043 0.209961 0.211914
0 0.838379 0.894531 0.141602 0.210938
0 0.702637 0.856445 0.145508 0.187500
0 0.212891 0.147949 0.255859 0.293945
