0 0.534856 0.653846 0.151442 0.134615
0 0.584135 0.555288 0.043269 0.086538
0 0.131010 0.949519 0.036058 0.086538
0 0.144231 0.826923 0.043269 0.091346
0 0.180288 0.844952 0.038462 0.064904
0 0.405048 0.474760 0.055288 0.055288
0 0.399038 0.581731 0.067308 0.105769
0 0.675481 0.645433 0.081731 0.074519
0 0.923077 0.525240 0.149038 0.103365
0 0.820913 0.560096 0.055288 0.091346
0 0.620192 0.347356 0.048077 0.117788
0 0.658654 0.533654 0.067308 0.125000
0 0.722356 0.558894 0.045673 0.088942
0 0.247596 0.680288 0.048077 0.081731
0 0.308894 0.700721 0.069712 0.117788
0 0.197115 0.750000 0.038462 0.091346
0 0.250000 0.846154 0.038462 0.091346
0 0.248798 0.492788 0.064904 0.062500
0 0.552885 0.405048 0.067308 0.165865
0 0.754808 0.383413 0.048077 0.161058
0 0.537260 0.789663 0.137019 0.098558
0 0.677885 0.893029 0.110577 0.132212
0 0.460337 0.686298 0.050481 0.084135
0 0.394231 0.674279 0.067308 0.088942
0 0.223558 0.609375 0.062500 0.088942
0 0.252404 0.387019 0.067308 0.100962
0 0.286058 0.324519 0.072115 0.129808
0 0.082933 0.538462 0.117788 0.197115
0 0.051683 0.764423 0.103365 0.177885
0 0.349760 0.927885 0.165865 0.125000
0 0.394231 0.810096 0.149038 0.153846
0 0.414663 0.783654 0.069712 0.105769
