0 0.391827 0.426683 0.134615 0.060096
0 0.079327 0.223558 0.115385 0.105769
0 0.478365 0.271635 0.163462 0.081731
0 0.644231 0.806490 0.086538 0.103365
0 0.591346 0.465144 0.081731 0.098558
0 0.579327 0.156250 0.173077 0.192308
0 0.695913 0.278846 0.233173 0.096154
0 0.745192 0.491587 0.245192 0.060096
0 0.481971 0.655048 0.156250 0.093750
0 0.536058 0.764423 0.264423 0.096154
0 0.284856 0.838942 0.194712 0.110577
0 0.724760 0.707933 0.079327 0.103365
0 0.924279 0.557692 0.137019 0.105769
0 0.834135 0.694712 0.100962 0.125000
0 0.763221 0.551683 0.156250 0.132212
