0 0.301683 0.670673 0.112981 0.158654
0 0.542067 0.695913 0.141827 0.213942
0 0.550481 0.521635 0.129808 0.115385
0 0.420673 0.431490 0.115385 0.137019
0 0.344952 0.431490 0.060096 0.098558
0 0.283654 0.423077 0.072115 0.125000
0 0.236779 0.544471 0.117788 0.156250
0 0.564904 0.405048 0.115385 0.098558
0 0.515625 0.332933 0.069712 0.137019
0 0.594952 0.317308 0.088942 0.125000
0 0.735577 0.328125 0.125000 0.112981
0 0.756010 0.414663 0.141827 0.088942
0 0.834135 0.353365 0.067308 0.076923
0 0.752404 0.558894 0.153846 0.103365
0 0.855769 0.569712 0.072115 0.105769
0 0.835337 0.691106 0.098558 0.156250
0 0.473558 0.831731 0.182692 0.168269
0 0.296875 0.834135 0.175481 0.173077
0 0.114183 0.689904 0.108173 0.139423
0 0.074519 0.569712 0.091346 0.110577
