0 0.510742 0.506348 0.101562 0.081055
0 0.416504 0.599609 0.120117 0.138672
0 0.252441 0.729980 0.170898 0.147461
0 0.255371 0.421387 0.174805 0.145508
0 0.632812 0.230957 0.232422 0.133789
0 0.827148 0.286133 0.156250 0.089844
0 0.704590 0.135742 0.157227 0.210938
0 0.402832 0.091309 0.124023 0.180664
0 0.196777 0.100098 0.155273 0.170898
0 0.253418 0.241699 0.254883 0.133789
0 0.055176 0.226074 0.108398 0.086914
0 0.175293 0.534668 0.223633 0.194336
0 0.527832 0.426758 0.184570 0.080078
0 0.681152 0.378418 0.141602 0.071289
0 0.608887 0.535645 0.208008 0.127930
0 0.372070 0.325195 0.121094 0.193359
0 0.885742 0.125977 0.228516 0.146484
0 0.489746 0.176270 0.231445 0.112305
