0 0.154297 0.166992 0.144531 0.113281
0 0.035156 0.203613 0.068359 0.127930
0 0.218262 0.100098 0.079102 0.155273
0 0.271484 0.269531 0.080078 0.132812
0 0.308105 0.148926 0.084961 0.106445
0 0.084961 0.334961 0.093750 0.166016
0 0.051758 0.490234 0.101562 0.128906
0 0.160156 0.439941 0.111328 0.077148
0 0.197754 0.510742 0.100586 0.105469
0 0.219727 0.303711 0.083984 0.171875
0 0.389648 0.182617 0.105469 0.066406
0 0.522461 0.285156 0.085938 0.062500
0 0.392578 0.053223 0.076172 0.100586
0 0.449707 0.113770 0.045898 0.077148
0 0.130859 0.609863 0.052734 0.098633
0 0.061523 0.660156 0.083984 0.078125
0 0.142578 0.698242 0.048828 0.078125
0 0.208008 0.703613 0.062500 0.116211
0 0.297852 0.627441 0.076172 0.055664
0 0.378418 0.498047 0.061523 0.132812
0 0.447754 0.537598 0.106445 0.092773
0 0.371582 0.641602 0.075195 0.148438
0 0.274902 0.793945 0.131836 0.095703
0 0.173340 0.827637 0.083008 0.124023
0 0.064941 0.831543 0.127930 0.088867
0 0.384766 0.859375 0.142578 0.107422
0 0.297363 0.932617 0.096680 0.134766
0 0.185059 0.932617 0.083008 0.095703
0 0.084961 0.933594 0.091797 0.132812
0 0.490723 0.734375 0.110352 0.134766
0 0.548340 0.873535 0.063477 0.139648
0 0.603516 0.815918 0.068359 0.110352
0 0.555176 0.201660 0.079102 0.153320
0 0.595703 0.124023 0.076172 0.140625
0 0.542480 0.026367 0.088867 0.050781
0 0.589844 0.360352 0.064453 0.142578
0 0.528809 0.432617 0.147461 0.119141
0 0.628906 0.902832 0.109375 0.083008
0 0.741699 0.830566 0.065430 0.065430
0 0.713379 0.757324 0.088867 0.083008
0 0.682617 0.620117 0.097656 0.101562
0 0.770996 0.612793 0.079102 0.096680
0 0.722168 0.497559 0.071289 0.133789
0 0.653809 0.377441 0.051758 0.133789
0 0.716309 0.172363 0.094727 0.096680
0 0.653320 0.524414 0.097656 0.107422
0 0.851074 0.514648 0.094727 0.183594
0 0.813965 0.739746 0.083008 0.114258
0 0.932129 0.815430 0.071289 0.123047
0 0.925293 0.695312 0.071289 0.111328
0 0.848145 0.371094 0.069336 0.103516
0 0.746582 0.387207 0.137695 0.100586
0 0.745605 0.282227 0.073242 0.125000
0 0.927246 0.380371 0.104492 0.084961
0 0.895508 0.901367 0.050781 0.070312
0 0.965820 0.944824 0.062500 0.040039
0 0.751465 0.970703 0.036133 0.042969
