0 0.054688 0.971191 0.031250 0.057617
0 0.036133 0.945312 0.042969 0.023438
0 0.116211 0.939453 0.027344 0.035156
0 0.134766 0.951172 0.025391 0.039062
0 0.140137 0.896973 0.040039 0.026367
0 0.133301 0.826660 0.024414 0.055664
0 0.098633 0.829102 0.021484 0.052734
0 0.059570 0.809570 0.021484 0.060547
0 0.063477 0.730957 0.050781 0.032227
0 0.027832 0.756836 0.020508 0.050781
0 0.059570 0.691895 0.031250 0.018555
0 0.086426 0.685547 0.020508 0.031250
0 0.143066 0.685547 0.030273 0.052734
0 0.132812 0.737305 0.017578 0.019531
0 0.110352 0.757324 0.029297 0.030273
0 0.080078 0.777344 0.027344 0.015625
0 0.148438 0.791992 0.015625 0.033203
0 0.157715 0.771484 0.020508 0.013672
0 0.168457 0.756836 0.020508 0.013672
0 0.157227 0.728027 0.013672 0.034180
0 0.177246 0.700195 0.026367 0.015625
0 0.175293 0.857422 0.028320 0.052734
0 0.185059 0.903320 0.036133 0.025391
0 0.257812 0.941406 0.039062 0.035156
0 0.106934 0.979980 0.024414 0.038086
0 0.080566 0.954590 0.026367 0.030273
0 0.084473 0.862305 0.041992 0.033203
0 0.040527 0.850098 0.036133 0.022461
0 0.017090 0.873047 0.024414 0.025391
0 0.117188 0.631836 0.021484 0.041016
0 0.151855 0.637695 0.040039 0.033203
0 0.084473 0.643555 0.036133 0.023438
0 0.036621 0.661133 0.049805 0.025391
0 0.052246 0.587891 0.024414 0.046875
0 0.035645 0.594238 0.028320 0.018555
0 0.043945 0.632324 0.015625 0.028320
0 0.166504 0.664551 0.016602 0.024414
0 0.176270 0.592285 0.030273 0.028320
0 0.143066 0.575195 0.018555 0.035156
0 0.081543 0.603516 0.012695 0.025391
0 0.074707 0.569336 0.014648 0.035156
0 0.095215 0.580078 0.030273 0.021484
0 0.059570 0.518066 0.021484 0.032227
0 0.032715 0.494629 0.032227 0.018555
0 0.032715 0.469727 0.034180 0.021484
0 0.074707 0.436523 0.020508 0.029297
0 0.086914 0.406250 0.035156 0.025391
0 0.057617 0.401855 0.023438 0.036133
0 0.029785 0.405762 0.016602 0.034180
0 0.207031 0.632324 0.025391 0.038086
0 0.222656 0.671875 0.021484 0.046875
0 0.231934 0.709473 0.024414 0.036133
0 0.023438 0.359863 0.035156 0.036133
0 0.177246 0.460938 0.034180 0.017578
0 0.148438 0.360352 0.025391 0.035156
0 0.140625 0.392090 0.031250 0.020508
0 0.257812 0.448730 0.019531 0.034180
0 0.220215 0.298340 0.016602 0.028320
0 0.115234 0.275879 0.015625 0.020508
0 0.208984 0.220215 0.017578 0.028320
0 0.225098 0.884277 0.036133 0.051758
0 0.227051 0.841797 0.022461 0.027344
0 0.232422 0.813477 0.019531 0.025391
0 0.259277 0.771484 0.020508 0.017578
0 0.266602 0.729980 0.021484 0.032227
0 0.286621 0.731445 0.018555 0.041016
0 0.337891 0.937988 0.021484 0.014648
0 0.339844 0.955566 0.019531 0.018555
0 0.356934 0.925293 0.018555 0.022461
0 0.306152 0.966309 0.014648 0.026367
0 0.286133 0.988281 0.017578 0.015625
0 0.272949 0.793457 0.010742 0.026367
0 0.257812 0.804688 0.021484 0.017578
0 0.296387 0.822266 0.014648 0.029297
0 0.273438 0.849121 0.019531 0.028320
0 0.353027 0.782227 0.016602 0.031250
0 0.347656 0.760742 0.025391 0.019531
0 0.339355 0.696289 0.022461 0.033203
0 0.312500 0.688477 0.019531 0.046875
0 0.323730 0.753906 0.024414 0.021484
0 0.344238 0.735840 0.024414 0.014648
0 0.378906 0.744629 0.015625 0.043945
0 0.446289 0.771973 0.017578 0.045898
0 0.394043 0.676758 0.026367 0.031250
0 0.368164 0.687012 0.027344 0.038086
0 0.323242 0.605957 0.031250 0.022461
0 0.252441 0.648438 0.034180 0.023438
0 0.268555 0.620117 0.033203 0.021484
0 0.257324 0.702637 0.018555 0.032227
0 0.330566 0.821289 0.014648 0.031250
0 0.362793 0.878418 0.010742 0.024414
0 0.354004 0.892578 0.008789 0.021484
0 0.392578 0.590820 0.033203 0.023438
0 0.369141 0.577148 0.015625 0.042969
0 0.308105 0.569336 0.016602 0.046875
0 0.345215 0.578613 0.010742 0.030273
0 0.225098 0.468750 0.018555 0.031250
0 0.205078 0.452637 0.017578 0.024414
0 0.269043 0.355469 0.020508 0.033203
0 0.301758 0.389648 0.027344 0.029297
0 0.301270 0.415039 0.032227 0.021484
0 0.269043 0.310059 0.028320 0.016602
0 0.407715 0.243652 0.020508 0.045898
0 0.389648 0.229004 0.031250 0.024414
0 0.510742 0.276367 0.025391 0.041016
0 0.345215 0.828613 0.016602 0.026367
0 0.455566 0.836914 0.020508 0.013672
0 0.453613 0.820312 0.018555 0.013672
0 0.388672 0.925293 0.011719 0.026367
0 0.613281 0.909180 0.017578 0.025391
0 0.600098 0.915527 0.010742 0.026367
0 0.627930 0.870117 0.009766 0.021484
0 0.569336 0.812500 0.011719 0.023438
0 0.547363 0.655762 0.012695 0.030273
