0 0.392578 0.663574 0.076172 0.104492
0 0.425293 0.447754 0.065430 0.079102
0 0.086426 0.714844 0.061523 0.089844
0 0.102539 0.515137 0.058594 0.049805
0 0.355469 0.592773 0.048828 0.058594
0 0.316895 0.660156 0.043945 0.082031
0 0.278809 0.504395 0.045898 0.041992
0 0.242188 0.518066 0.035156 0.038086
0 0.333008 0.284668 0.054688 0.026367
0 0.643066 0.335938 0.045898 0.035156
0 0.590332 0.115723 0.055664 0.067383
0 0.858398 0.423828 0.048828 0.058594
0 0.702637 0.542480 0.034180 0.053711
0 0.519531 0.599609 0.054688 0.056641
0 0.608887 0.369141 0.040039 0.054688
0 0.140625 0.671387 0.033203 0.083008
0 0.239746 0.671875 0.053711 0.082031
0 0.591797 0.246582 0.023438 0.043945
0 0.461426 0.226074 0.049805 0.041992
0 0.468750 0.175781 0.048828 0.041016
0 0.359863 0.210938 0.043945 0.031250
0 0.359863 0.250977 0.041992 0.025391
0 0.240723 0.188965 0.034180 0.055664
0 0.176270 0.267578 0.045898 0.029297
0 0.211914 0.228516 0.041016 0.031250
0 0.136719 0.408203 0.031250 0.041016
0 0.108398 0.451660 0.035156 0.061523
0 0.463867 0.696289 0.031250 0.076172
0 0.880371 0.597168 0.030273 0.041992
0 0.723633 0.518066 0.033203 0.043945
0 0.755371 0.274902 0.038086 0.043945
0 0.680176 0.324707 0.041992 0.030273
0 0.960449 0.393555 0.040039 0.042969
0 0.984375 0.371582 0.027344 0.030273
0 0.862305 0.720215 0.025391 0.051758
0 0.640625 0.687988 0.025391 0.040039
0 0.612793 0.644043 0.018555 0.043945
0 0.552246 0.796387 0.026367 0.043945
0 0.700195 0.710449 0.021484 0.041992
0 0.742188 0.653809 0.025391 0.043945
0 0.716309 0.623047 0.022461 0.025391
