0 0.238281 0.894531 0.175781 0.210938
0 0.458984 0.729980 0.208984 0.233398
0 0.643066 0.640137 0.120117 0.237305
0 0.735352 0.562012 0.220703 0.247070
0 0.449219 0.503906 0.169922 0.205078
0 0.483398 0.245605 0.111328 0.215820
0 0.447754 0.325195 0.096680 0.099609
0 0.548828 0.177734 0.082031 0.121094
0 0.612793 0.092285 0.161133 0.120117
0 0.483887 0.086914 0.081055 0.115234
0 0.378906 0.220215 0.140625 0.145508
0 0.722656 0.823730 0.302734 0.295898
0 0.604492 0.904785 0.224609 0.190430
0 0.424805 0.908203 0.171875 0.183594
0 0.136719 0.735840 0.058594 0.079102
0 0.080566 0.550293 0.057617 0.090820
