0 0.650879 0.486816 0.375977 0.196289
0 0.596680 0.142578 0.238281 0.128906
0 0.077148 0.189453 0.066406 0.117188
0 0.206543 0.479004 0.293945 0.055664
0 0.191406 0.792969 0.380859 0.298828
0 0.500977 0.844727 0.224609 0.310547
0 0.897949 0.783203 0.204102 0.101562
0 0.927734 0.909668 0.097656 0.180664
0 0.370117 0.922852 0.087891 0.154297
0 0.304688 0.940430 0.119141 0.119141
0 0.501953 0.320312 0.056641 0.158203
0 0.214355 0.294922 0.272461 0.126953
0 0.884277 0.118652 0.157227 0.079102
0 0.192383 0.107910 0.382812 0.213867
0 0.228027 0.490723 0.278320 0.254883
0 0.228516 0.843262 0.187500 0.127930
0 0.832520 0.931152 0.094727 0.137695
0 0.673340 0.937988 0.084961 0.051758
