0 0.135817 0.415865 0.132212 0.225962
0 0.181490 0.463942 0.069712 0.206731
0 0.638221 0.343750 0.079327 0.240385
0 0.790865 0.495192 0.153846 0.163462
0 0.825721 0.620192 0.108173 0.134615
0 0.747596 0.622596 0.110577 0.110577
0 0.687500 0.549279 0.067308 0.127404
0 0.281250 0.366587 0.072115 0.045673
0 0.382212 0.364183 0.067308 0.069712
0 0.395433 0.432692 0.026442 0.081731
0 0.349760 0.474760 0.074519 0.050481
0 0.306490 0.640625 0.055288 0.137019
0 0.247596 0.578125 0.110577 0.262019
0 0.362981 0.572115 0.091346 0.120192
0 0.490385 0.435096 0.139423 0.110577
0 0.574519 0.478365 0.072115 0.129808
