0 0.583008 0.707031 0.251953 0.298828
0 0.440430 0.841797 0.123047 0.316406
0 0.343750 0.685547 0.208984 0.158203
0 0.322266 0.516602 0.304688 0.220703
0 0.710449 0.226562 0.194336 0.363281
0 0.506348 0.122559 0.118164 0.243164
0 0.304688 0.160156 0.091797 0.224609
0 0.378418 0.336426 0.256836 0.188477
0 0.750488 0.739746 0.096680 0.174805
0 0.932129 0.573242 0.127930 0.076172
0 0.924316 0.675293 0.086914 0.116211
0 0.895996 0.743164 0.075195 0.083984
0 0.910645 0.858887 0.038086 0.106445
0 0.121094 0.802246 0.044922 0.106445
0 0.064453 0.777344 0.037109 0.085938
0 0.559082 0.922363 0.083008 0.061523
0 0.727539 0.894531 0.072266 0.095703
0 0.863770 0.911133 0.047852 0.037109
0 0.692383 0.727051 0.048828 0.098633
0 0.936523 0.411133 0.070312 0.197266
0 0.634277 0.400391 0.229492 0.269531
