0 0.273926 0.120605 0.258789 0.172852
0 0.570801 0.478027 0.165039 0.108398
0 0.646484 0.584473 0.103516 0.168945
0 0.409668 0.590820 0.223633 0.099609
0 0.119141 0.837891 0.109375 0.253906
0 0.344238 0.783691 0.198242 0.100586
0 0.437500 0.709961 0.105469 0.171875
0 0.418457 0.909668 0.120117 0.180664
0 0.343750 0.886230 0.087891 0.127930
0 0.251465 0.884766 0.098633 0.126953
0 0.205078 0.916504 0.062500 0.100586
0 0.511719 0.851562 0.054688 0.103516
0 0.528320 0.690430 0.076172 0.185547
0 0.840820 0.500000 0.119141 0.134766
0 0.808105 0.592773 0.135742 0.070312
0 0.880371 0.621094 0.059570 0.087891
0 0.843262 0.698730 0.088867 0.110352
0 0.693848 0.779785 0.081055 0.211914
0 0.733398 0.854492 0.097656 0.074219
0 0.922363 0.893066 0.094727 0.211914
0 0.925781 0.365723 0.111328 0.110352
0 0.925781 0.459473 0.093750 0.055664
0 0.680664 0.387695 0.083984 0.164062
0 0.846191 0.052734 0.086914 0.103516
0 0.752441 0.050781 0.106445 0.099609
0 0.861328 0.122559 0.070312 0.038086
0 0.915039 0.768066 0.083984 0.059570
0 0.842285 0.960938 0.077148 0.078125
0 0.620605 0.896973 0.047852 0.182617
