0 0.378418 0.367188 0.186523 0.216797
0 0.171387 0.271973 0.151367 0.223633
0 0.401855 0.225586 0.135742 0.095703
0 0.842285 0.488281 0.174805 0.156250
0 0.710449 0.517578 0.118164 0.199219
0 0.569824 0.576172 0.180664 0.134766
0 0.429199 0.593262 0.098633 0.168945
0 0.462402 0.800781 0.110352 0.191406
0 0.392090 0.738281 0.059570 0.074219
0 0.675781 0.753418 0.070312 0.174805
0 0.885254 0.613770 0.204102 0.106445
0 0.932129 0.744141 0.090820 0.101562
0 0.672852 0.291992 0.117188 0.203125
0 0.584961 0.130371 0.105469 0.206055
0 0.161133 0.944336 0.066406 0.101562
0 0.597656 0.692871 0.107422 0.067383
0 0.085449 0.571289 0.122070 0.201172
